agency_cd	site_no	parameter_cd	ts_id	year_nu	month_nu	mean_va
5s	15s	5s	3n	4s	2s	12n
USGS	11216100	00054	213611	1986	10	1143.5
USGS	11216100	00054	213611	1986	11	1036.7
USGS	11216100	00054	213611	1986	12	1160.5
USGS	11216100	00054	213611	1987	1	1147.1
USGS	11216100	00054	213611	1987	2	892.79
USGS	11216100	00054	213611	1987	3	1007
USGS	11216100	00054	213611	1987	4	1073.5
USGS	11216100	00054	213611	1987	5	1087.5
USGS	11216100	00054	213611	1987	6	1146
USGS	11216100	00054	213611	1987	7	1147.7
USGS	11216100	00054	213611	1987	8	1097
USGS	11216100	00054	213611	1987	9	1133
USGS	11216100	00054	213611	1987	10	1156.8
USGS	11216100	00054	213611	1987	11	1145.6
USGS	11216100	00054	213611	1987	12	1124.6
USGS	11216100	00054	213611	1988	1	1115.3
USGS	11216100	00054	213611	1988	2	942.55
USGS	11216100	00054	213611	1988	3	1094.1
USGS	11216100	00054	213611	1988	4	1106.7
USGS	11216100	00054	213611	1988	5	1090.9
USGS	11216100	00054	213611	1988	6	1132.8
USGS	11216100	00054	213611	1988	7	1123.9
USGS	11216100	00054	213611	1988	8	1130.8
USGS	11216100	00054	213611	1988	9	1157.6
USGS	11216100	00054	213611	1988	10	1155.7
USGS	11216100	00054	213611	1988	11	1065.8
USGS	11216100	00054	213611	1988	12	1115.6
USGS	11216100	00054	213611	1989	1	1153.2
USGS	11216100	00054	213611	1989	2	1031.2
USGS	11216100	00054	213611	1989	3	1039.4
USGS	11216100	00054	213611	1989	4	1046.3
USGS	11216100	00054	213611	1989	5	1053.2
USGS	11216100	00054	213611	1989	6	1115.9
USGS	11216100	00054	213611	1989	7	1147.9
USGS	11216100	00054	213611	1989	8	1149.9
USGS	11216100	00054	213611	1989	9	1070.9
USGS	11216100	00054	213611	1989	10	931.84
USGS	11216100	00054	213611	1989	11	1025.3
USGS	11216100	00054	213611	1989	12	956.13
USGS	11216100	00054	213611	1990	1	909.52
USGS	11216100	00054	213611	1990	2	1092.1
USGS	11216100	00054	213611	1990	3	1073.5
USGS	11216100	00054	213611	1990	4	1187.8
USGS	11216100	00054	213611	1990	5	1116.1
USGS	11216100	00054	213611	1990	6	1046.3
USGS	11216100	00054	213611	1990	7	1068.3
USGS	11216100	00054	213611	1990	8	1061.6
USGS	11216100	00054	213611	1990	9	851.97
USGS	11216100	00054	213611	1990	10	861.77
USGS	11216100	00054	213611	1990	11	949.9
USGS	11216100	00054	213611	1990	12	1000.6
USGS	11216100	00054	213611	1991	1	1002.4
USGS	11216100	00054	213611	1991	2	958.54
USGS	11216100	00054	213611	1991	3	847.16
USGS	11216100	00054	213611	1991	4	797.57
USGS	11216100	00054	213611	1991	5	844.19
USGS	11216100	00054	213611	1991	6	875.67
USGS	11216100	00054	213611	1991	7	971
USGS	11216100	00054	213611	1991	8	980.29
USGS	11216100	00054	213611	1991	9	1022.5
USGS	11216100	00054	213611	1991	10	1066.7
USGS	11216100	00054	213611	1991	11	1108.5
USGS	11216100	00054	213611	1991	12	1122.2
USGS	11216100	00054	213611	1992	1	1092.1
USGS	11216100	00054	213611	1992	2	977.31
USGS	11216100	00054	213611	1992	3	999.03
USGS	11216100	00054	213611	1992	4	981.87
USGS	11216100	00054	213611	1992	5	995.81
USGS	11216100	00054	213611	1992	6	1103.6
USGS	11216100	00054	213611	1992	7	1069.3
USGS	11216100	00054	213611	1992	8	1070.3
USGS	11216100	00054	213611	1992	9	931
USGS	11216100	00054	213611	1992	10	865.97
USGS	11216100	00054	213611	1992	11	1036.1
USGS	11216100	00054	213611	1992	12	976.9
USGS	11216100	00054	213611	1993	1	759.48
USGS	11216100	00054	213611	1993	2	802.29
USGS	11216100	00054	213611	1993	3	942.81
USGS	11216100	00054	213611	1993	4	1232
USGS	11216100	00054	213611	1993	5	1288.2
USGS	11216100	00054	213611	1993	6	1280.7
USGS	11216100	00054	213611	1993	7	1186.3
USGS	11216100	00054	213611	1993	8	1055.2
USGS	11216100	00054	213611	1993	9	990.23
USGS	11216100	00054	213611	1993	10	1064.9
USGS	11216100	00054	213611	1993	11	1005.7
USGS	11216100	00054	213611	1993	12	928.42
USGS	11216100	00054	213611	1994	1	1035.5
USGS	11216100	00054	213611	1994	2	678.89
USGS	11216100	00054	213611	1994	3	800.1
USGS	11216100	00054	213611	1994	4	911.13
USGS	11216100	00054	213611	1994	5	935.84
USGS	11216100	00054	213611	1994	6	1013.3
USGS	11216100	00054	213611	1994	7	956.19
USGS	11216100	00054	213611	1994	8	1042.8
USGS	11216100	00054	213611	1994	9	1059.8
USGS	11216100	00054	213611	1994	10	939.48
USGS	11216100	00054	213611	1994	11	840.63
USGS	11216100	00054	213611	1994	12	977.1
USGS	11216100	00054	213611	1995	1	735.74
USGS	11216100	00054	213611	1995	2	935.89
USGS	11216100	00054	213611	1995	3	899.61
USGS	11216100	00054	213611	1995	4	1261.7
USGS	11216100	00054	213611	1995	5	1284.2
USGS	11216100	00054	213611	1995	6	1283.4
USGS	11216100	00054	213611	1995	7	1275.8
USGS	11216100	00054	213611	1995	8	1104.8
USGS	11216100	00054	213611	1995	9	1049.6
USGS	11216100	00054	213611	1995	10	1016.2
USGS	11216100	00054	213611	1995	11	960.17
USGS	11216100	00054	213611	1995	12	946.87
USGS	11216100	00054	213611	1996	1	981.19
USGS	11216100	00054	213611	1996	2	988.79
USGS	11216100	00054	213611	1996	3	973.26
USGS	11216100	00054	213611	1996	4	1109.6
USGS	11216100	00054	213611	1996	5	1262.2
USGS	11216100	00054	213611	1996	6	1122.1
USGS	11216100	00054	213611	1996	7	993.81
USGS	11216100	00054	213611	1996	8	920.39
USGS	11216100	00054	213611	1996	9	896.33
USGS	11216100	00054	213611	1996	10	1091.8
USGS	11216100	00054	213611	1996	11	1009.4
USGS	11216100	00054	213611	1996	12	853.45
USGS	11216100	00054	213611	1997	1	1142.3
USGS	11216100	00054	213611	1997	2	1271.5
USGS	11216100	00054	213611	1997	3	1115.8
USGS	11216100	00054	213611	1997	4	1024.4
USGS	11216100	00054	213611	1997	5	898.55
USGS	11216100	00054	213611	1997	6	1005.6
USGS	11216100	00054	213611	1997	7	815.65
USGS	11216100	00054	213611	1997	8	823
USGS	11216100	00054	213611	1997	9	933.13
USGS	11216100	00054	213611	1997	10	980.9
USGS	11216100	00054	213611	1997	11	894.8
USGS	11216100	00054	213611	1997	12	936.1
USGS	11216100	00054	213611	1998	1	987.32
USGS	11216100	00054	213611	1998	2	904.43
USGS	11216100	00054	213611	1998	3	986.97
USGS	11216100	00054	213611	1998	4	1095.5
USGS	11216100	00054	213611	1998	5	1227.4
USGS	11216100	00054	213611	1998	6	1284.5
USGS	11216100	00054	213611	1998	7	1273.6
USGS	11216100	00054	213611	1998	8	982.58
USGS	11216100	00054	213611	1998	9	992.3
USGS	11216100	00054	213611	1998	10	1096.9
USGS	11216100	00054	213611	1998	11	1091.7
USGS	11216100	00054	213611	1998	12	1010.5
USGS	11216100	00054	213611	1999	1	993.35
USGS	11216100	00054	213611	1999	2	953.07
USGS	11216100	00054	213611	1999	3	1029.6
USGS	11216100	00054	213611	1999	4	1040
USGS	11216100	00054	213611	1999	5	990.55
USGS	11216100	00054	213611	1999	6	969.6
USGS	11216100	00054	213611	1999	7	1028.3
USGS	11216100	00054	213611	1999	8	977.26
USGS	11216100	00054	213611	1999	9	960.77
USGS	11216100	00054	213611	1999	10	980.48
USGS	11216100	00054	213611	1999	11	1030.2
USGS	11216100	00054	213611	1999	12	983.65
USGS	11216100	00054	213611	2000	1	1009.5
USGS	11216100	00054	213611	2000	2	1018.9
USGS	11216100	00054	213611	2000	3	1072.7
USGS	11216100	00054	213611	2000	4	1093.8
USGS	11216100	00054	213611	2000	5	1096
USGS	11216100	00054	213611	2000	6	973.37
USGS	11216100	00054	213611	2000	7	728.45
USGS	11216100	00054	213611	2000	8	510.68
USGS	11216100	00054	213611	2000	9	520.3
USGS	11216100	00054	213611	2000	10	400.42
USGS	11216100	00054	213611	2000	11	914.8
USGS	11216100	00054	213611	2000	12	937.06
USGS	11216100	00054	213611	2001	1	999.32
USGS	11216100	00054	213611	2001	2	960.5
USGS	11216100	00054	213611	2001	3	1004.6
USGS	11216100	00054	213611	2001	4	988.4
USGS	11216100	00054	213611	2001	5	924.03
USGS	11216100	00054	213611	2001	6	1001.3
USGS	11216100	00054	213611	2001	7	1069.5
USGS	11216100	00054	213611	2001	8	1072
USGS	11216100	00054	213611	2001	9	1131.8
USGS	11216100	00054	213611	2001	10	1127.4
USGS	11216100	00054	213611	2001	11	981.8
USGS	11216100	00054	213611	2001	12	944.58
USGS	11216100	00054	213611	2002	1	980
USGS	11216100	00054	213611	2002	2	1077
USGS	11216100	00054	213611	2002	3	1016
USGS	11216100	00054	213611	2002	4	975.67
USGS	11216100	00054	213611	2002	5	952.65
USGS	11216100	00054	213611	2002	6	1012.6
USGS	11216100	00054	213611	2002	7	1052.3
USGS	11216100	00054	213611	2002	8	1013.4
USGS	11216100	00054	213611	2002	9	1003.9
USGS	11216100	00054	213611	2002	10	973.35
USGS	11216100	00054	213611	2002	11	973.33
USGS	11216100	00054	213611	2002	12	845.48
USGS	11216100	00054	213611	2003	1	882.9
USGS	11216100	00054	213611	2003	2	947.86
USGS	11216100	00054	213611	2003	3	955.68
USGS	11216100	00054	213611	2003	4	931.4
USGS	11216100	00054	213611	2003	5	946.42
USGS	11216100	00054	213611	2003	6	936.9
USGS	11216100	00054	213611	2003	7	960.29
USGS	11216100	00054	213611	2003	8	938.29
USGS	11216100	00054	213611	2003	9	914.6
USGS	11216100	00054	213611	2003	10	885.42
USGS	11216100	00054	213611	2003	11	1012.1
USGS	11216100	00054	213611	2003	12	862.87
USGS	11216100	00054	213611	2004	1	890.77
USGS	11216100	00054	213611	2004	2	932.45
USGS	11216100	00054	213611	2004	3	1023.5
USGS	11216100	00054	213611	2004	4	973.3
USGS	11216100	00054	213611	2004	5	889.81
USGS	11216100	00054	213611	2004	6	991.6
USGS	11216100	00054	213611	2004	7	948.39
USGS	11216100	00054	213611	2004	8	884
USGS	11216100	00054	213611	2004	9	925.13
USGS	11216100	00054	213611	2004	10	923.94
USGS	11216100	00054	213611	2004	11	979.73
USGS	11216100	00054	213611	2004	12	894.03
USGS	11216100	00054	213611	2005	1	881.39
USGS	11216100	00054	213611	2005	2	977.21
USGS	11216100	00054	213611	2005	3	928.94
USGS	11216100	00054	213611	2005	4	1225
USGS	11216100	00054	213611	2005	5	1281.9
USGS	11216100	00054	213611	2005	6	1274.3
USGS	11216100	00054	213611	2005	7	1107.9
USGS	11216100	00054	213611	2005	8	909.84
USGS	11216100	00054	213611	2005	9	1032.1
USGS	11216100	00054	213611	2005	10	842.03
USGS	11216100	00054	213611	2005	11	855.47
USGS	11216100	00054	213611	2005	12	864.1
USGS	11216100	00054	213611	2006	1	1003.4
USGS	11216100	00054	213611	2006	2	1027.1
USGS	11216100	00054	213611	2006	3	1013.1
USGS	11216100	00054	213611	2006	4	1253.3
USGS	11216100	00054	213611	2006	5	1278.7
USGS	11216100	00054	213611	2006	6	1278.7
USGS	11216100	00054	213611	2006	7	1036.6
USGS	11216100	00054	213611	2006	8	1090.8
USGS	11216100	00054	213611	2006	9	1089.7
USGS	11216100	00054	213611	2006	10	1089.6
USGS	11216100	00054	213611	2006	11	1098
USGS	11216100	00054	213611	2006	12	1121.8
USGS	11216100	00054	213611	2007	1	1062.6
USGS	11216100	00054	213611	2007	2	975.21
USGS	11216100	00054	213611	2007	3	794.1
USGS	11216100	00054	213611	2007	4	939.4
USGS	11216100	00054	213611	2007	5	976.77
USGS	11216100	00054	213611	2007	6	1059.9
USGS	11216100	00054	213611	2007	7	927.48
USGS	11216100	00054	213611	2007	8	1006.5
USGS	11216100	00054	213611	2007	9	1052.1
USGS	11216100	00054	213611	2007	10	1001.9
USGS	11216100	00054	213611	2007	11	994.5
USGS	11216100	00054	213611	2007	12	947.29
USGS	11216100	00054	213611	2008	1	962.55
USGS	11216100	00054	213611	2008	2	988
USGS	11216100	00054	213611	2008	3	955.68
USGS	11216100	00054	213611	2008	4	890.13
USGS	11216100	00054	213611	2008	5	933.71
USGS	11216100	00054	213611	2008	6	995.47
USGS	11216100	00054	213611	2008	7	912.45
USGS	11216100	00054	213611	2008	8	940.94
USGS	11216100	00054	213611	2008	9	914.3
USGS	11216100	00054	213611	2008	10	999.77
USGS	11216100	00054	213611	2008	11	882.93
USGS	11216100	00054	213611	2008	12	1008.3
USGS	11216100	00054	213611	2009	1	1072.3
USGS	11216100	00054	213611	2009	2	947.89
USGS	11216100	00054	213611	2009	3	886.68
USGS	11216100	00054	213611	2009	4	974.17
USGS	11216100	00054	213611	2009	5	989.1
USGS	11216100	00054	213611	2009	6	979.37
USGS	11216100	00054	213611	2009	7	1043.3
USGS	11216100	00054	213611	2009	8	981.1
USGS	11216100	00054	213611	2009	9	1017.1
USGS	11216100	00054	213611	2009	10	952.74
USGS	11216100	00054	213611	2009	11	894.8
USGS	11216100	00054	213611	2009	12	894.16
USGS	11216100	00054	213611	2010	1	970.03
USGS	11216100	00054	213611	2010	2	1021.7
USGS	11216100	00054	213611	2010	3	1057.5
USGS	11216100	00054	213611	2010	4	1089.6
USGS	11216100	00054	213611	2010	5	1223.5
USGS	11216100	00054	213611	2010	6	1101.3
USGS	11216100	00054	213611	2010	7	1082.5
USGS	11216100	00054	213611	2010	8	1133.5
USGS	11216100	00054	213611	2010	9	1064.3
USGS	11216100	00054	213611	2010	10	997
USGS	11216100	00054	213611	2010	11	885.37
USGS	11216100	00054	213611	2010	12	901.52
USGS	11216100	00054	213611	2011	1	1157.4
USGS	11216100	00054	213611	2011	2	1051.7
USGS	11216100	00054	213611	2011	3	1176.9
USGS	11216100	00054	213611	2011	4	1218.6
USGS	11216100	00054	213611	2011	5	1259.4
USGS	11216100	00054	213611	2011	6	1289.3
USGS	11216100	00054	213611	2011	7	1245.4
USGS	11216100	00054	213611	2011	8	1043.8
USGS	11216100	00054	213611	2011	9	983.83
USGS	11216100	00054	213611	2011	10	1008.3
USGS	11216100	00054	213611	2011	11	776.28
USGS	11216100	00054	213611	2011	12	861.61
USGS	11216100	00054	213611	2012	1	933.63
USGS	11216100	00054	213611	2012	2	968.75
USGS	11216100	00054	213611	2012	3	979.52
USGS	11216100	00054	213611	2012	4	1016.6
USGS	11216100	00054	213611	2012	5	1012.2
USGS	11216100	00054	213611	2012	6	893.35
USGS	11216100	00054	213611	2012	7	968.64
USGS	11216100	00054	213611	2012	8	1069.5
USGS	11216100	00054	213611	2012	9	871.98
USGS	11216100	00054	213611	2012	10	807.45
USGS	11216100	00054	213611	2012	11	827.2
USGS	11216100	00054	213611	2012	12	1062
USGS	11216100	00054	213611	2013	1	1030.2
USGS	11216100	00054	213611	2013	2	1020.8
USGS	11216100	00054	213611	2013	3	970.39
USGS	11216100	00054	213611	2013	4	886.6
USGS	11216100	00054	213611	2013	5	1040.6
USGS	11216100	00054	213611	2013	6	998.6
USGS	11216100	00054	213611	2013	7	996.68
USGS	11216100	00054	213611	2013	8	828.1
USGS	11216100	00054	213611	2013	9	863.67
USGS	11216100	00054	213611	2013	10	823.55
USGS	11216100	00054	213611	2013	11	774.27
USGS	11216100	00054	213611	2013	12	912.94
USGS	11216100	00054	213611	2014	1	1046
USGS	11216100	00054	213611	2014	2	973.32
USGS	11216100	00054	213611	2014	3	1019.1
USGS	11216100	00054	213611	2014	4	1019
USGS	11216100	00054	213611	2014	5	838.84
USGS	11216100	00054	213611	2014	6	789.03
USGS	11216100	00054	213611	2014	7	833.16
USGS	11216100	00054	213611	2014	8	892.68
USGS	11216100	00054	213611	2014	9	931.67
USGS	11216100	00054	213611	2014	10	1080.3
USGS	11216100	00054	213611	2014	11	1154.2
USGS	11216100	00054	213611	2014	12	878.58
USGS	11216100	00054	213611	2015	1	716.32
USGS	11216100	00054	213611	2015	2	1269.6
USGS	11216100	00054	213611	2015	3	1270
USGS	11216100	00054	213611	2015	4	1069.4
USGS	11216100	00054	213611	2015	5	1066.9
USGS	11216100	00054	213611	2015	6	1067.3
USGS	11216100	00054	213611	2015	7	1032.5
USGS	11216100	00054	213611	2015	8	1006.5
USGS	11216100	00054	213611	2015	9	1058.2
USGS	11216100	00054	213611	2015	10	1151
USGS	11216100	00054	213611	2015	11	1043.7
USGS	11216100	00054	213611	2015	12	829.16
USGS	11216100	00054	213611	2016	1	871.65
USGS	11216100	00054	213611	2016	2	853.83
USGS	11216100	00054	213611	2016	3	1235.4
USGS	11216100	00054	213611	2016	4	1140.2
USGS	11216100	00054	213611	2016	5	875.58
USGS	11216100	00054	213611	2016	6	885.47
USGS	11216100	00054	213611	2016	7	782.06
USGS	11216100	00054	213611	2016	8	855.71
USGS	11216100	00054	213611	2016	9	922.77
USGS	11216100	00054	213611	2016	10	862.29
USGS	11216100	00054	213611	2016	11	695.63
USGS	11216100	00054	213611	2016	12	767.35
USGS	11216100	00054	213611	2017	1	1192.5
USGS	11216100	00054	213611	2017	2	1288.2
USGS	11216100	00054	213611	2017	3	1284.5
USGS	11216100	00054	213611	2017	4	1290.3
USGS	11216100	00054	213611	2017	5	1294.5
USGS	11216100	00054	213611	2017	6	1309
USGS	11216100	00054	213611	2017	7	1144.2
USGS	11216100	00054	213611	2017	8	899.1
USGS	11216100	00054	213611	2017	9	951.5
USGS	11216100	00054	213611	2017	10	840.52
USGS	11216100	00054	213611	2017	11	838.8
USGS	11216100	00054	213611	2017	12	926.03
USGS	11216100	00054	213611	2018	1	783.42
USGS	11216100	00054	213611	2018	2	718
USGS	11216100	00054	213611	2018	3	1018.9
USGS	11216100	00054	213611	2018	4	1069.7
USGS	11216100	00054	213611	2018	5	852
USGS	11216100	00054	213611	2018	6	808.27
USGS	11216100	00054	213611	2018	7	796.23
USGS	11216100	00054	213611	2018	8	913.65
USGS	11216100	00054	213611	2018	9	754.63
USGS	11216100	00054	213611	2018	10	806.52
USGS	11216100	00054	213611	2018	11	899.43
USGS	11216100	00054	213611	2018	12	906.94
USGS	11216100	00054	213611	2019	1	982.45
USGS	11216100	00054	213611	2019	2	1051.6
USGS	11216100	00054	213611	2019	3	1232.3
USGS	11216100	00054	213611	2019	4	1251
USGS	11216100	00054	213611	2019	5	1282.3
USGS	11216100	00054	213611	2019	6	1287.3
USGS	11216100	00054	213611	2019	7	1114.4
USGS	11216100	00054	213611	2019	8	962.06
USGS	11216100	00054	213611	2019	9	945.4
USGS	11216100	00054	213611	2019	10	794.84
USGS	11216100	00054	213611	2019	11	809.17
USGS	11216100	00054	213611	2019	12	844.61
USGS	11216100	00054	213611	2020	1	897.87
USGS	11216100	00054	213611	2020	2	838.62
USGS	11216100	00054	213611	2020	3	811
USGS	11216100	00054	213611	2020	4	798.6
USGS	11216100	00054	213611	2020	5	809.26
USGS	11216100	00054	213611	2020	6	782.97
USGS	11216100	00054	213611	2020	7	852.29
USGS	11216100	00054	213611	2020	8	913
USGS	11216100	00054	213611	2020	9	981.27
USGS	11216100	00054	213611	2020	10	973.29
USGS	11216100	00054	213611	2020	11	748.83
USGS	11216100	00054	213611	2020	12	799.45
USGS	11216100	00054	213611	2021	1	734.06
USGS	11216100	00054	213611	2021	2	766.71
USGS	11216100	00054	213611	2021	3	957.35
USGS	11216100	00054	213611	2021	4	917.63
USGS	11216100	00054	213611	2021	5	990.45
USGS	11216100	00054	213611	2021	6	787.7
USGS	11216100	00054	213611	2021	7	797.94
USGS	11216100	00054	213611	2021	8	916.74
USGS	11216100	00054	213611	2021	9	841.9

